Content-Type: text/x-zim-wiki
Wiki-Format: zim 0.4
Creation-Date: 2017-09-13T17:00:03+02:00

====== docman-dump ======
Created Wednesday 13 September 2017

mysqldump -umaintenance -pidoc --skip-lock-tables idoc INSTRUMENT --where='ID in (173933801,46234841,109417561,143780251,137165391,105356321,144920431,137888511,145995521,147821801,742531,1218711,72004161,116802061,101391601,88327541,143558521,141683281,136313421,11088661,11297871,118481231,74031021,86795431,7384001,23304821,15128471,543641,106523841,110613141,103020621,37567341,99253261,50670261,83468361,82944261,55406251,91399591,950571,92162471,88292261,11016111,90525361,5805481,723311,713381,383641,1296081,517551,2593011,79941691,79941761,431221,1002711,431231,11345681,26850601,22874631,2216401,11012261,70138371,11276281,11316431,11466291,5924411,11287471,56033971,58169461,59997281,45638381,52290071,64528831,22255661,70940111,2301171,11044491,2301201,69121321,63812161,441541,656311,24933731,750011,65011431,34847391,57826191,58035481,11153731,2374231,633251,690571,62759941,30723301,13661331,34860141,10805751,10805621,10806091,389371,1531381,2406921,2499341,562421,15522481,10872801,2837931,1269461,11426551,1082111,43614811,53171521,51111161,60618251,7853701,2349041,30959961,31376451,441601,849621,31316931,10877801,389291,6777211,54971101,21,11154041,22185871,1182721,31709311,413811,616011,501441,418581,405911,10805491,753291,11304121)' > dump_mike/instrument_dump.sql
mysqldump -umaintenance -pidoc --skip-lock-tables idoc KEYSYSTEM --where='INSTRUMENT_ID in (173933801,46234841,109417561,143780251,137165391,105356321,144920431,137888511,145995521,147821801,742531,1218711,72004161,116802061,101391601,88327541,143558521,141683281,136313421,11088661,11297871,118481231,74031021,86795431,7384001,23304821,15128471,543641,106523841,110613141,103020621,37567341,99253261,50670261,83468361,82944261,55406251,91399591,950571,92162471,88292261,11016111,90525361,5805481,723311,713381,383641,1296081,517551,2593011,79941691,79941761,431221,1002711,431231,11345681,26850601,22874631,2216401,11012261,70138371,11276281,11316431,11466291,5924411,11287471,56033971,58169461,59997281,45638381,52290071,64528831,22255661,70940111,2301171,11044491,2301201,69121321,63812161,441541,656311,24933731,750011,65011431,34847391,57826191,58035481,11153731,2374231,633251,690571,62759941,30723301,13661331,34860141,10805751,10805621,10806091,389371,1531381,2406921,2499341,562421,15522481,10872801,2837931,1269461,11426551,1082111,43614811,53171521,51111161,60618251,7853701,2349041,30959961,31376451,441601,849621,31316931,10877801,389291,6777211,54971101,21,11154041,22185871,1182721,31709311,413811,616011,501441,418581,405911,10805491,753291,11304121)' > dump_mike/keysystem_dump.sql
mysqldump -umaintenance -pidoc --skip-lock-tables idoc DATA --where='INSTRUMENT_ID in (173933801,46234841,109417561,143780251,137165391,105356321,144920431,137888511,145995521,147821801,742531,1218711,72004161,116802061,101391601,88327541,143558521,141683281,136313421,11088661,11297871,118481231,74031021,86795431,7384001,23304821,15128471,543641,106523841,110613141,103020621,37567341,99253261,50670261,83468361,82944261,55406251,91399591,950571,92162471,88292261,11016111,90525361,5805481,723311,713381,383641,1296081,517551,2593011,79941691,79941761,431221,1002711,431231,11345681,26850601,22874631,2216401,11012261,70138371,11276281,11316431,11466291,5924411,11287471,56033971,58169461,59997281,45638381,52290071,64528831,22255661,70940111,2301171,11044491,2301201,69121321,63812161,441541,656311,24933731,750011,65011431,34847391,57826191,58035481,11153731,2374231,633251,690571,62759941,30723301,13661331,34860141,10805751,10805621,10806091,389371,1531381,2406921,2499341,562421,15522481,10872801,2837931,1269461,11426551,1082111,43614811,53171521,51111161,60618251,7853701,2349041,30959961,31376451,441601,849621,31316931,10877801,389291,6777211,54971101,21,11154041,22185871,1182721,31709311,413811,616011,501441,418581,405911,10805491,753291,11304121)' > dump_mike/data_dump.sql
mysqldump -umaintenance -pidoc --skip-lock-tables idoc ACTIVE_INSTRUMENT --where='ISIN in (select symbol from keysystem where instrument_id in (173933801,46234841,109417561,143780251,137165391,105356321,144920431,137888511,145995521,147821801,742531,1218711,72004161,116802061,101391601,88327541,143558521,141683281,136313421,11088661,11297871,118481231,74031021,86795431,7384001,23304821,15128471,543641,106523841,110613141,103020621,37567341,99253261,50670261,83468361,82944261,55406251,91399591,950571,92162471,88292261,11016111,90525361,5805481,723311,713381,383641,1296081,517551,2593011,79941691,79941761,431221,1002711,431231,11345681,26850601,22874631,2216401,11012261,70138371,11276281,11316431,11466291,5924411,11287471,56033971,58169461,59997281,45638381,52290071,64528831,22255661,70940111,2301171,11044491,2301201,69121321,63812161,441541,656311,24933731,750011,65011431,34847391,57826191,58035481,11153731,2374231,633251,690571,62759941,30723301,13661331,34860141,10805751,10805621,10806091,389371,1531381,2406921,2499341,562421,15522481,10872801,2837931,1269461,11426551,1082111,43614811,53171521,51111161,60618251,7853701,2349041,30959961,31376451,441601,849621,31316931,10877801,389291,6777211,54971101,21,11154041,22185871,1182721,31709311,413811,616011,501441,418581,405911,10805491,753291,11304121))' > dump_mike/active_instrument_dump.sql
